1762795885504 0.6430568397045135 0
1762795886980 0.5746865328401327 1
1762795888580 0.5412319209426641 2
1762795890174 0.5148022202774882 3
1762795891886 0.50489467009902 4
1762795893530 0.4804572453722358 5
1762795896309 0.45054912008345127 6
1762795898325 0.4209652319550514 7
1762795901326 0.38603601790964603 8
1762795905283 0.34850687021389604 9
1762795907002 0.3141937144100666 10
1762795908834 0.2721432279795408 11
1762795910414 0.24300100188702345 12
1762795912264 0.21097572334110737 13
1762795916001 0.2049901937134564 14
1762795918980 0.1640213900245726 15
1762795920749 0.13928060955367982 16
1762795924572 0.143452626070939 17
1762795926372 0.12229153956286609 18
1762795929371 0.1503814778989181 19
1762795885504 0.6430568397045135 0
