1762795885515 0.800000011920929 0
1762795886985 0.800000011920929 1
1762795888585 0.699999988079071 2
1762795890178 0.699999988079071 3
1762795891891 0.800000011920929 4
1762795893535 0.8999999761581421 5
1762795896316 0.699999988079071 6
1762795898331 0.8999999761581421 7
1762795901331 0.699999988079071 8
1762795905288 1.0 9
1762795907010 0.800000011920929 10
1762795908839 1.0 11
1762795910419 0.800000011920929 12
1762795912271 0.8999999761581421 13
1762795916008 1.0 14
1762795918985 1.0 15
1762795920754 0.8999999761581421 16
1762795924580 0.8999999761581421 17
1762795926378 0.8999999761581421 18
1762795929380 1.0 19
1762795885515 0.800000011920929 0
