1762796186717 0.800000011920929 0
1762796188281 0.5 1
1762796189864 0.699999988079071 2
1762796191961 0.800000011920929 3
1762796193447 0.8999999761581421 4
1762796195231 0.800000011920929 5
1762796197091 0.699999988079071 6
1762796198834 0.800000011920929 7
1762796200777 0.699999988079071 8
1762796203141 0.800000011920929 9
1762796205582 1.0 10
1762796207666 0.8999999761581421 11
1762796210321 0.8999999761581421 12
1762796213349 1.0 13
1762796216307 0.8999999761581421 14
1762796219195 1.0 15
1762796221801 1.0 16
1762796225124 1.0 17
1762796228208 1.0 18
1762796231490 1.0 19
1762796186717 0.800000011920929 0
