1762796186712 0.6474360376596451 0
1762796188277 0.5801757033914328 1
1762796189859 0.5422953413799405 2
1762796191957 0.5246440656483173 3
1762796193443 0.5024320743978024 4
1762796195226 0.48456869274377823 5
1762796197086 0.45369094517081976 6
1762796198830 0.4163820967078209 7
1762796200767 0.3820737171918154 8
1762796203137 0.34373261220753193 9
1762796205578 0.3014579378068447 10
1762796207660 0.2548021781258285 11
1762796210302 0.24887734604999423 12
1762796213341 0.2024100199341774 13
1762796216301 0.17944063106551766 14
1762796219185 0.13371389004896628 15
1762796221784 0.115841010119766 16
1762796225115 0.11272011487744749 17
1762796228199 0.0801328209345229 18
1762796231484 0.08769472595304251 19
1762796186712 0.6474360376596451 0
