1762796137393 0.6492178961634636 0
1762796138771 0.5903693372383714 1
1762796140404 0.5457699857652187 2
1762796142911 0.5227622603997588 3
1762796144612 0.4946661591529846 4
1762796146195 0.4839634373784065 5
1762796147651 0.46647379267960787 6
1762796149485 0.430396462790668 7
1762796151206 0.3811446246691048 8
1762796152788 0.33953909715637565 9
1762796154470 0.3132562004029751 10
1762796156531 0.267891290015541 11
1762796158242 0.24177321535535157 12
1762796160018 0.2016756972298026 13
1762796161693 0.18674251378979534 14
1762796163451 0.16647795191965997 15
1762796165133 0.13488188537303358 16
1762796167018 0.11231375846546143 17
1762796169067 0.13467116304673254 18
1762796171420 0.09202842772356234 19
1762796137393 0.6492178961634636 0
