1762796137402 0.699999988079071 0
1762796138774 0.5 1
1762796140410 0.6000000238418579 2
1762796142914 0.699999988079071 3
1762796144616 0.800000011920929 4
1762796146200 0.699999988079071 5
1762796147655 0.8999999761581421 6
1762796149524 0.8999999761581421 7
1762796151211 0.8999999761581421 8
1762796152793 0.800000011920929 9
1762796154475 1.0 10
1762796156536 1.0 11
1762796158245 1.0 12
1762796160025 0.800000011920929 13
1762796161697 1.0 14
1762796163456 0.8999999761581421 15
1762796165138 1.0 16
1762796167023 1.0 17
1762796169072 0.8999999761581421 18
1762796171426 1.0 19
1762796137402 0.699999988079071 0
